HMMER3/f [3.3 | Nov 2019]
NAME  GPS
ACC   PF01825.27
DESC  GPCR proteolysis site, GPS, motif
LENG  45
ALPH  amino
RF    no
MM    no
CONS  yes
CS    no
MAP   yes
DATE  Thu Sep 26 05:39:40 2024
NSEQ  268
EFFN  9.736755
CKSUM 3723076760
GA    22.5 22.5;
TC    22.5 22.5;
NC    22.4 22.4;
BM    hmmbuild HMM.ann SEED.ann
SM    hmmsearch --cpu 4 -Z 81514348 -E 1000 HMM pfamseq
STATS LOCAL MSV       -8.2201  0.71932
STATS LOCAL VITERBI   -8.7338  0.71932
STATS LOCAL FORWARD   -3.6557  0.71932
HMM          A        C        D        E        F        G        H        I        K        L        M        N        P        Q        R        S        T        V        W        Y   
            m->m     m->i     m->d     i->m     i->i     d->m     d->d
  COMPO   2.72359  2.56051  3.07249  2.92298  3.14681  2.84986  3.32004  3.45236  3.00264  2.64129  4.15605  2.90303  3.72532  3.26921  3.23920  2.43565  2.49136  2.83224  3.14655  3.75739
          2.68618  4.42225  2.77519  2.73123  3.46354  2.40513  3.72494  3.29354  2.67741  2.69355  4.24690  2.90347  2.73739  3.18146  2.89801  2.37887  2.77519  2.98518  4.58477  3.61503
          0.00391  5.94092  6.66327  0.61958  0.77255  0.00000        *
      1   2.22783  5.04791  4.57102  3.58094  3.48052  4.48951  4.01580  3.22150  3.92498  2.29229  3.85400  4.15000  1.29800  3.47298  3.69979  2.67448  2.84015  2.52713  5.64566  2.98912      1 p - - -
          2.68618  4.42225  2.77519  2.73123  3.46354  2.40513  3.72494  3.29354  2.67741  2.69355  4.24690  2.90347  2.73739  3.18146  2.89801  2.37887  2.77519  2.98518  4.58477  3.61503
          0.00391  5.94092  6.66327  0.61958  0.77255  0.48576  0.95510
      2   2.75761  5.60142  3.79009  2.98138  4.24279  4.22369  3.59343  2.37847  2.28365  2.70054  3.73429  3.35897  4.61356  2.07820  2.63669  2.36568  2.36692  2.67222  6.10272  4.07824      2 q - - -
          2.68618  4.42225  2.77519  2.73123  3.46354  2.40513  3.72494  3.29354  2.67741  2.69355  4.24690  2.90347  2.73739  3.18146  2.89801  2.37887  2.77519  2.98518  4.58477  3.61503
          0.00562  5.94092  5.81774  0.61958  0.77255  0.48576  0.95510
      3   2.88566  0.17990  4.28514  5.83239  6.47241  4.46403  6.58541  5.93630  5.98154  5.67327  6.43792  5.31774  4.00189  6.03032  5.98822  3.98130  4.35541  5.05750  7.81966  6.79454      3 C - - -
          2.68618  4.42225  2.77519  2.73123  3.46354  2.40513  3.72494  3.29354  2.67741  2.69355  4.24690  2.90347  2.73739  3.18146  2.89801  2.37887  2.77519  2.98518  4.58477  3.61503
          0.00392  5.93923  6.66157  0.61958  0.77255  0.49795  0.93592
      4   1.88569  4.90253  5.13705  3.87363  3.35539  4.31697  4.92298  3.02373  3.97352  2.98255  3.70749  4.66416  4.97359  4.35787  3.94110  3.26957  3.39437  0.73654  5.51897  4.33475      4 v - - -
          2.68618  4.42225  2.77519  2.73123  3.46354  2.40513  3.72494  3.29354  2.67741  2.69355  4.24690  2.90347  2.73739  3.18146  2.89801  2.37887  2.77519  2.98518  4.58477  3.61503
          0.00392  5.93923  6.66157  0.61958  0.77255  0.49795  0.93592
      5   3.28265  4.91153  5.28462  4.68455  1.04380  2.68939  4.58861  3.34914  4.50751  2.76535  4.02984  4.74907  5.01835  3.94399  4.57831  2.48667  3.74037  2.78249  3.56350  1.95436      5 f - - -
          2.68618  4.42225  2.77519  2.73123  3.46354  2.40513  3.72494  3.29354  2.67741  2.69355  4.24690  2.90347  2.73739  3.18146  2.89801  2.37887  2.77519  2.98518  4.58477  3.61503
          0.00392  5.93923  6.66157  0.61958  0.77255  0.49795  0.93592
      6   6.15140  6.93578  6.83432  6.87782  3.19211  6.48677  4.99290  5.60357  6.62370  3.29666  6.08050  5.95659  6.71419  6.15790  6.34036  5.91047  6.32532  5.60829  0.21960  2.49621      6 W - - -
          2.68618  4.42225  2.77519  2.73123  3.46354  2.40513  3.72494  3.29354  2.67741  2.69355  4.24690  2.90347  2.73739  3.18146  2.89801  2.37887  2.77519  2.98518  4.58477  3.61503
          0.35020  5.93923  1.22820  0.61958  0.77255  0.47822  0.96729
      7   3.24780  5.76989  1.32137  2.29662  5.11242  3.97950  4.19600  4.60213  2.30903  4.07377  4.81399  1.72144  4.39370  3.03354  3.26397  2.66407  3.48210  3.57528  6.20088  4.78225      7 d - - -
          2.68654  4.42330  2.77520  2.73104  3.45885  2.40550  3.72467  3.29449  2.67811  2.69352  4.24697  2.90364  2.73740  3.18194  2.89864  2.37796  2.77577  2.98583  4.58582  3.61322
          1.47540  0.42725  2.12854  0.76806  0.62345  1.49206  0.25478
      8   2.55860  5.61146  2.59208  2.18060  4.38616  3.45468  3.61806  3.61520  2.55208  3.17044  4.25320  2.18912  3.58895  3.11240  2.96554  1.92395  2.58627  3.84888  6.04613  3.98952     17 s - - -
          2.68618  4.42225  2.77519  2.73123  3.46354  2.40513  3.72494  3.29354  2.67741  2.69355  4.24690  2.90347  2.73739  3.18146  2.89801  2.37887  2.77519  2.98518  4.58477  3.61503
          0.00615  5.49040  6.21275  0.61958  0.77255  1.37609  0.29111
      9   2.59218  5.63778  2.66267  2.57351  4.12175  2.57660  3.57619  4.45732  2.32519  2.62968  3.80882  2.85409  3.18849  2.96112  2.91001  2.30135  2.34320  3.44545  5.30468  4.29704     18 s - - -
          2.68618  4.42225  2.77519  2.73123  3.46354  2.40513  3.72494  3.29354  2.67741  2.69355  4.24690  2.90347  2.73739  3.18146  2.89801  2.37887  2.77519  2.98518  4.58477  3.61503
          0.00577  5.55336  6.27571  0.61958  0.77255  0.17267  1.84149
     10   2.94623  5.12368  2.29183  2.47495  3.93715  2.83060  2.60556  4.31314  2.78589  2.87762  3.85371  1.87670  3.32979  3.16488  3.12524  2.46752  2.92068  3.70678  6.30074  4.48664     19 n - - -
          2.68618  4.42225  2.77519  2.73123  3.46354  2.40513  3.72494  3.29354  2.67741  2.69355  4.24690  2.90347  2.73739  3.18146  2.89801  2.37887  2.77519  2.98518  4.58477  3.61503
          0.29944  5.92108  1.36224  0.61958  0.77255  0.52303  0.89826
     11   2.72773  5.68113  2.45562  2.12863  3.29705  2.64462  3.87725  3.64199  2.67450  3.59393  3.77593  2.49116  3.21639  3.17326  3.13736  2.07324  2.75655  3.42068  6.11910  3.92321     20 s - - -
          2.68618  4.42225  2.77519  2.73123  3.46354  2.40513  3.72494  3.29354  2.67741  2.69355  4.24690  2.90347  2.73739  3.18146  2.89801  2.37887  2.77519  2.98518  4.58477  3.61503
          0.01002  5.63861  5.04902  0.61958  0.77255  0.92155  0.50734
     12   2.88490  5.75010  2.75625  2.29096  5.09332  2.06568  3.81013  3.58621  2.58611  3.02714  4.18927  2.65226  3.86010  2.91099  2.81624  2.24620  2.30573  3.69953  5.13423  4.36669     21 g - - -
          2.68618  4.42225  2.77519  2.73123  3.46354  2.40513  3.72494  3.29354  2.67741  2.69355  4.24690  2.90347  2.73739  3.18146  2.89801  2.37887  2.77519  2.98518  4.58477  3.61503
          0.05145  5.72943  3.05977  0.61958  0.77255  1.07026  0.41995
     13   2.80249  4.58463  3.08417  2.44710  5.05351  2.65656  3.37868  4.17907  2.06772  2.89433  3.51199  3.19876  3.95727  3.09794  2.76816  2.53830  1.85655  3.55729  4.19410  4.37934     22 t - - -
          2.68618  4.42225  2.77519  2.73123  3.46354  2.40513  3.72494  3.29354  2.67741  2.69355  4.24690  2.90347  2.73739  3.18146  2.89801  2.37887  2.77519  2.98518  4.58477  3.61503
          0.00489  5.71825  6.44059  0.61958  0.77255  0.31847  1.29923
     14   3.16407  5.83935  3.35310  2.82782  5.17437  0.95321  4.31839  4.65312  2.81413  3.20632  4.88279  2.54389  4.52360  3.28847  2.68855  2.58543  3.24864  4.22461  4.89360  4.87337     23 g - - -
          2.68618  4.42225  2.77519  2.73123  3.46354  2.40513  3.72494  3.29354  2.67741  2.69355  4.24690  2.90347  2.73739  3.18146  2.89801  2.37887  2.77519  2.98518  4.58477  3.61503
          0.00407  5.90120  6.62355  0.61958  0.77255  0.35708  1.20302
     15   2.52491  5.11011  2.26975  2.87116  4.55798  2.03626  3.25743  4.70187  2.66945  3.28955  3.88319  2.74087  4.25989  2.99861  2.27723  2.26058  3.09710  3.42666  4.99736  3.99349     24 g - - -
          2.68618  4.42225  2.77519  2.73123  3.46354  2.40513  3.72494  3.29354  2.67741  2.69355  4.24690  2.90347  2.73739  3.18146  2.89801  2.37887  2.77519  2.98518  4.58477  3.61503
          0.00391  5.94092  6.66327  0.61958  0.77255  0.48576  0.95510
     16   6.29490  7.08052  6.86741  6.91611  3.62757  6.41634  5.23057  5.92837  6.66295  4.96570  6.40362  6.14311  6.75364  6.34215  6.42242  6.08741  6.50576  5.89961  0.13635  2.75826     25 W - - -
          2.68618  4.42225  2.77519  2.73123  3.46354  2.40513  3.72494  3.29354  2.67741  2.69355  4.24690  2.90347  2.73739  3.18146  2.89801  2.37887  2.77519  2.98518  4.58477  3.61503
          0.00391  5.94092  6.66327  0.61958  0.77255  0.48576  0.95510
     17   2.74960  5.87799  1.73583  2.87871  5.21961  3.92437  3.87144  4.29352  2.93660  3.60794  4.91957  2.60271  4.54388  3.34846  3.28257  1.26493  2.52358  3.70329  6.31274  4.90386     26 s - - -
          2.68618  4.42225  2.77519  2.73123  3.46354  2.40513  3.72494  3.29354  2.67741  2.69355  4.24690  2.90347  2.73739  3.18146  2.89801  2.37887  2.77519  2.98518  4.58477  3.61503
          0.00391  5.94092  6.66327  0.61958  0.77255  0.48576  0.95510
     18   2.67842  5.88227  2.56447  2.35531  4.25196  4.04510  4.13520  4.71093  2.82225  3.94942  4.38345  3.01388  2.88679  3.00557  3.14167  1.91414  1.49181  3.90728  4.78726  4.57429     27 t - - -
          2.68618  4.42225  2.77519  2.73123  3.46354  2.40513  3.72494  3.29354  2.67741  2.69355  4.24690  2.90347  2.73739  3.18146  2.89801  2.37887  2.77519  2.98518  4.58477  3.61503
          0.00391  5.94092  6.66327  0.61958  0.77255  0.48576  0.95510
     19   2.72137  5.88767  2.30736  1.69827  4.20857  3.77107  3.59309  4.25508  2.24155  3.91879  4.69163  2.82583  4.54152  2.92106  2.65447  2.26917  2.43792  3.80641  6.31974  3.68533     28 e - - -
          2.68618  4.42225  2.77519  2.73123  3.46354  2.40513  3.72494  3.29354  2.67741  2.69355  4.24690  2.90347  2.73739  3.18146  2.89801  2.37887  2.77519  2.98518  4.58477  3.61503
          0.00391  5.94092  6.66327  0.61958  0.77255  0.48576  0.95510
     20   2.79839  5.86900  3.39977  3.58631  5.48269  0.44946  4.90316  4.93356  3.75461  4.50765  5.30407  3.81833  4.28183  3.82013  3.84683  3.03267  3.99496  3.59533  6.71015  5.35858     29 G - - -
          2.68618  4.42225  2.77519  2.73123  3.46354  2.40513  3.72494  3.29354  2.67741  2.69355  4.24690  2.90347  2.73739  3.18146  2.89801  2.37887  2.77519  2.98518  4.58477  3.61503
          0.02650  5.94092  3.74979  0.61958  0.77255  0.48576  0.95510
     21   4.46027  0.22320  6.67858  6.37631  4.88701  5.45315  6.67168  2.96497  6.10752  2.98509  4.82140  6.10859  6.05019  6.26216  6.11639  4.97461  4.87446  3.43162  6.93285  5.65358     30 C - - -
          2.68582  4.42257  2.77517  2.73062  3.46376  2.40545  3.72513  3.29327  2.67749  2.69387  4.24587  2.90379  2.73731  3.18178  2.89811  2.37907  2.77490  2.98484  4.58432  3.61535
          0.67752  2.46621  0.89841  1.24660  0.33895  0.40271  1.10415
     22   2.86660  5.53169  3.35443  2.25330  4.31220  3.86470  3.08176  4.10811  2.42781  3.47579  3.77524  2.82581  4.25757  2.35422  2.32749  2.09934  2.63098  2.75519  4.45773  3.70006     42 s - - -
          2.68618  4.42225  2.77519  2.73123  3.46354  2.40513  3.72494  3.29354  2.67741  2.69355  4.24690  2.90347  2.73739  3.18146  2.89801  2.37887  2.77519  2.98518  4.58477  3.61503
          0.10951  5.43528  2.30891  0.61958  0.77255  0.10479  2.30773
     23   3.21954  4.07173  3.34987  2.47323  4.13608  3.87216  3.24164  3.33458  2.53496  2.16934  3.43972  3.27528  4.58715  2.70877  2.91698  2.66890  2.26769  2.25853  4.61211  3.49199     43 l - - -
          2.68618  4.42225  2.77519  2.73123  3.46354  2.40513  3.72494  3.29354  2.67741  2.69355  4.24690  2.90347  2.73739  3.18146  2.89801  2.37887  2.77519  2.98518  4.58477  3.61503
          0.12475  5.88048  2.16728  0.61958  0.77255  0.31505  1.30842
     24   2.54826  5.35405  3.86582  2.73706  4.37760  3.71880  3.73056  2.82731  2.46067  2.34561  3.19557  3.24637  4.30471  3.27530  3.45791  2.86264  1.73660  2.13724  5.89042  4.30027     44 t - - -
          2.68618  4.42225  2.77519  2.73123  3.46354  2.40513  3.72494  3.29354  2.67741  2.69355  4.24690  2.90347  2.73739  3.18146  2.89801  2.37887  2.77519  2.98518  4.58477  3.61503
          0.00438  5.82832  6.55067  0.61958  0.77255  0.42884  1.05345
     25   2.84296  5.80149  2.87210  2.34605  3.99288  2.61462  3.14261  3.16616  2.67215  2.65896  4.11112  2.49168  4.23914  2.81653  3.19712  2.67648  2.58845  2.56307  4.95088  3.57783     45 e - - -
          2.68618  4.42225  2.77519  2.73123  3.46354  2.40513  3.72494  3.29354  2.67741  2.69355  4.24690  2.90347  2.73739  3.18146  2.89801  2.37887  2.77519  2.98518  4.58477  3.61503
          0.00953  5.90825  4.99600  0.61958  0.77255  0.37432  1.16398
     26   2.96056  5.86961  3.39532  2.17667  4.25797  2.79064  3.26689  4.22272  2.67663  2.66486  4.34501  2.99284  3.29768  2.69998  2.88860  1.85053  2.52805  2.87960  5.62076  4.42088     46 s - - -
          2.68618  4.42225  2.77519  2.73123  3.46354  2.40513  3.72494  3.29354  2.67741  2.69355  4.24690  2.90347  2.73739  3.18146  2.89801  2.37887  2.77519  2.98518  4.58477  3.61503
          0.58572  5.93564  0.81950  0.61958  0.77255  0.52314  0.89810
     27   2.67951  5.09358  2.27545  2.47034  4.56921  3.40914  4.02375  3.95052  2.69409  2.48190  4.50525  2.93282  3.98027  3.06831  2.97988  1.85239  2.39817  2.87039  5.91093  3.97404     47 s - - -
          2.68618  4.42225  2.77519  2.73123  3.46354  2.40513  3.72494  3.29354  2.67741  2.69355  4.24690  2.90347  2.73739  3.18146  2.89801  2.37887  2.77519  2.98518  4.58477  3.61503
          0.00703  5.35695  6.07929  0.61958  0.77255  0.10623  2.29484
     28   3.01719  5.88331  2.41834  2.49559  5.22898  2.85709  3.66191  3.92047  2.66599  3.43480  4.92382  1.75059  4.32502  2.93450  3.02383  2.21224  2.17785  3.40483  6.31564  4.34454     48 n - - -
          2.68618  4.42225  2.77519  2.73123  3.46354  2.40513  3.72494  3.29354  2.67741  2.69355  4.24690  2.90347  2.73739  3.18146  2.89801  2.37887  2.77519  2.98518  4.58477  3.61503
          0.00394  5.93564  6.65799  0.61958  0.77255  0.52314  0.89810
     29   2.50099  5.88312  2.51561  2.09012  4.76983  2.54121  4.33188  4.20159  2.50963  3.80484  4.10407  2.56582  3.20209  2.81802  2.89141  2.16855  2.51891  3.72480  4.68411  4.24851     49 e - - -
          2.68618  4.42225  2.77519  2.73123  3.46354  2.40513  3.72494  3.29354  2.67741  2.69355  4.24690  2.90347  2.73739  3.18146  2.89801  2.37887  2.77519  2.98518  4.58477  3.61503
          0.00394  5.93564  6.65799  0.61958  0.77255  0.52314  0.89810
     30   2.94998  5.87689  2.59443  2.64955  4.17235  2.78883  4.09319  4.29225  2.87307  3.28058  4.58631  1.89791  3.48939  3.00331  3.21736  2.22303  1.78380  3.63132  6.31094  4.32503     50 t - - -
          2.68618  4.42225  2.77519  2.73123  3.46354  2.40513  3.72494  3.29354  2.67741  2.69355  4.24690  2.90347  2.73739  3.18146  2.89801  2.37887  2.77519  2.98518  4.58477  3.61503
          0.01246  5.93564  4.63185  0.61958  0.77255  0.52314  0.89810
     31   2.92173  5.19576  3.41636  2.34361  3.50746  3.88405  1.79758  4.37564  2.42735  3.63646  4.39130  2.82253  3.61859  2.54861  2.71616  2.55939  2.80336  3.48508  4.33966  3.12946     51 h - - -
          2.68618  4.42225  2.77519  2.73123  3.46354  2.40513  3.72494  3.29354  2.67741  2.69355  4.24690  2.90347  2.73739  3.18146  2.89801  2.37887  2.77519  2.98518  4.58477  3.61503
          0.00397  5.92715  6.64950  0.61958  0.77255  0.48584  0.95498
     32   2.77074  4.87352  5.32885  4.72181  3.80388  4.63586  4.57132  2.64051  4.53183  2.18066  3.99271  4.76091  4.14426  4.68491  4.58103  3.00278  0.96887  1.77395  5.49556  4.31677     52 t - - -
          2.68618  4.42225  2.77519  2.73123  3.46354  2.40513  3.72494  3.29354  2.67741  2.69355  4.24690  2.90347  2.73739  3.18146  2.89801  2.37887  2.77519  2.98518  4.58477  3.61503
          0.00394  5.93564  6.65799  0.61958  0.77255  0.52314  0.89810
     33   3.10288  4.36824  3.53861  3.01388  3.74774  3.81411  3.94397  2.70316  2.34485  3.02724  4.01059  3.39918  4.63951  3.02541  2.85706  2.30404  1.93159  1.83409  6.02615  4.28015     53 v - - -
          2.68623  4.42230  2.77524  2.73128  3.46358  2.40517  3.72499  3.29359  2.67745  2.69341  4.24694  2.90351  2.73744  3.18092  2.89805  2.37891  2.77508  2.98523  4.58481  3.61508
          0.05002  3.04691  6.65799  0.19254  1.74219  0.46308  0.99247
     34   4.76415  0.24936  6.79437  6.37855  3.65842  5.92387  6.22633  3.21874  6.19395  2.67714  4.46933  6.25047  6.25650  6.12438  6.14245  5.38051  5.06857  3.57284  6.30576  4.86902     55 C - - -
          2.68618  4.42225  2.77519  2.73123  3.46354  2.40513  3.72494  3.29354  2.67741  2.69355  4.24690  2.90347  2.73739  3.18146  2.89801  2.37887  2.77519  2.98518  4.58477  3.61503
          0.00391  5.94092  6.66327  0.61958  0.77255  0.48576  0.95510
     35   2.83628  5.01585  3.34865  2.66162  3.41936  3.80871  2.52608  4.13328  2.60170  2.41883  4.89261  3.09481  4.55013  2.24378  2.22982  2.00767  2.98930  3.75839  4.13645  4.21368     56 s - - -
          2.68618  4.42225  2.77519  2.73123  3.46354  2.40513  3.72494  3.29354  2.67741  2.69355  4.24690  2.90347  2.73739  3.18146  2.89801  2.37887  2.77519  2.98518  4.58477  3.61503
          0.00391  5.94092  6.66327  0.61958  0.77255  0.48576  0.95510
     36   4.06172  0.23044  6.19170  6.01423  3.62671  4.81846  5.62840  5.02778  5.80206  4.61964  5.67454  5.44978  5.57577  5.85009  5.76525  2.74055  4.56885  4.66321  5.92778  3.82299     57 C - - -
          2.68619  4.42226  2.77521  2.73124  3.46355  2.40514  3.72495  3.29355  2.67736  2.69350  4.24691  2.90341  2.73741  3.18147  2.89802  2.37888  2.77521  2.98519  4.58478  3.61504
          0.00753  5.07883  6.66327  0.73382  0.65407  0.48576  0.95510
     37   3.30335  5.88132  2.03284  2.84881  3.73249  4.01402  3.63040  4.70924  2.90695  3.74860  4.92246  1.31885  4.54288  2.89005  2.96007  2.35229  2.36101  4.08160  4.96268  4.62917     61 n - - -
          2.68618  4.42225  2.77519  2.73123  3.46354  2.40513  3.72494  3.29354  2.67741  2.69355  4.24690  2.90347  2.73739  3.18146  2.89801  2.37887  2.77519  2.98518  4.58477  3.61503
          0.00391  5.94092  6.66327  0.61958  0.77255  0.48576  0.95510
     38   3.72743  4.42767  4.14154  3.53267  5.22124  4.50003  0.62104  4.63179  3.03865  4.17830  4.99994  4.01798  3.78628  2.95736  2.37608  3.53184  3.93660  4.30324  6.34327  3.33273     62 H - - -
          2.68618  4.42225  2.77519  2.73123  3.46354  2.40513  3.72494  3.29354  2.67741  2.69355  4.24690  2.90347  2.73739  3.18146  2.89801  2.37887  2.77519  2.98518  4.58477  3.61503
          0.00391  5.94092  6.66327  0.61958  0.77255  0.48576  0.95510
     39   3.27609  4.87299  5.33492  4.72695  3.29512  4.63771  4.15930  3.07978  4.53545  0.70113  2.83077  3.79275  4.13614  4.68725  4.58232  3.51363  2.18623  3.01029  5.49305  4.31447     63 l - - -
          2.68633  4.42146  2.77532  2.73158  3.46205  2.40540  3.72447  3.29371  2.67744  2.69347  4.24592  2.90298  2.73764  3.18173  2.89819  2.37886  2.77544  2.98474  4.58511  3.61523
          0.09610  2.40410  6.66327  1.24358  0.34017  0.48576  0.95510
     40   2.73185  4.83399  4.29293  3.73856  4.57261  2.83258  4.74871  3.94709  3.53935  3.63992  3.41464  3.70965  4.51856  4.02147  4.09231  1.89738  0.84750  3.11621  5.98004  4.72902     72 t - - -
          2.68618  4.42225  2.77519  2.73123  3.46354  2.40513  3.72494  3.29354  2.67741  2.69355  4.24690  2.90347  2.73739  3.18146  2.89801  2.37887  2.77519  2.98518  4.58477  3.61503
          0.00391  5.94092  6.66327  0.61958  0.77255  0.48576  0.95510
     41   3.19043  5.76399  3.12876  3.13060  3.09558  4.17842  2.93849  4.29881  3.13056  4.04760  4.81847  1.69072  4.02369  3.40650  3.61323  1.39835  2.34222  4.12731  6.22809  3.03049     73 s - - -
          2.68618  4.42225  2.77519  2.73123  3.46354  2.40513  3.72494  3.29354  2.67741  2.69355  4.24690  2.90347  2.73739  3.18146  2.89801  2.37887  2.77519  2.98518  4.58477  3.61503
          0.00391  5.94092  6.66327  0.61958  0.77255  0.48576  0.95510
     42   5.37576  6.46533  6.76524  6.50444  0.25433  6.28047  5.28160  4.37908  6.29803  2.68133  4.25759  6.02143  6.45500  6.00849  6.12357  5.67384  5.57290  3.49190  5.34942  2.80193     74 F - - -
          2.68618  4.42225  2.77519  2.73123  3.46354  2.40513  3.72494  3.29354  2.67741  2.69355  4.24690  2.90347  2.73739  3.18146  2.89801  2.37887  2.77519  2.98518  4.58477  3.61503
          0.00792  5.94092  5.24708  0.61958  0.77255  0.48576  0.95510
     43   0.45871  5.61303  6.08022  5.98735  6.50905  2.52162  6.57227  6.02772  5.90564  5.71058  6.43082  5.31356  4.04413  5.98862  5.92281  1.68126  3.11074  5.05681  7.84001  6.83213     75 A - - -
          2.68618  4.42225  2.77519  2.73123  3.46354  2.40513  3.72494  3.29354  2.67741  2.69355  4.24690  2.90347  2.73739  3.18146  2.89801  2.37887  2.77519  2.98518  4.58477  3.61503
          0.00393  5.93693  6.65928  0.61958  0.77255  0.51416  0.91132
     44   3.32356  4.97799  5.59655  4.99187  4.10266  4.82279  5.17623  1.35328  4.78664  1.90784  3.65650  4.98517  5.17817  4.92526  4.24601  3.15403  3.46064  1.04266  5.66392  4.48523     76 v - - -
          2.68618  4.42225  2.77519  2.73123  3.46354  2.40513  3.72494  3.29354  2.67741  2.69355  4.24690  2.90347  2.73739  3.18146  2.89801  2.37887  2.77519  2.98518  4.58477  3.61503
          0.00393  5.93693  6.65928  0.61958  0.77255  0.51416  0.91132
     45   3.21090  4.94828  3.82322  4.73657  4.02148  4.70215  5.03295  2.32803  4.56100  0.51400  3.84509  4.80734  5.06395  4.22386  4.63040  3.45881  3.78174  2.96076  5.57333  4.39772     77 L - - -
          2.68618  4.42225  2.77519  2.73123  3.46354  2.40513  3.72494  3.29354  2.67741  2.69355  4.24690  2.90347  2.73739  3.18146  2.89801  2.37887  2.77519  2.98518  4.58477  3.61503
          0.00265  5.93565        *  0.61958  0.77255  0.00000        *
//
