M15077.1.p1	PPYR_00001-PA.p1	100.000	106	0	0	1	106	118	223	8.06e-72	222
M15077.1.p1	PPYR_00002-PA.p1	42.308	104	60	0	3	106	119	222	3.29e-25	97.4
M15077.1.p1	PPYR_02593-PA.p1	40.426	94	56	0	2	95	28	121	1.21e-20	84.3
M15077.1.p1	PPYR_02595-PA.p1	40.426	94	56	0	2	95	120	213	1.36e-20	84.3
M15077.1.p1	PPYR_02594-PA.p1	40.426	94	56	0	2	95	116	209	1.99e-19	81.3
M15077.1.p1	PPYR_02591-PA.p1	40.426	94	56	0	2	95	116	209	1.99e-19	81.3
M15077.1.p1	PPYR_01108-PA.p1	41.489	94	55	0	2	95	117	210	8.92e-19	79.3
M15077.1.p1	PPYR_01210-PA.p1	40.426	94	56	0	2	95	116	209	2.00e-18	78.2
M15077.1.p1	PPYR_01206-PA.p1	35.294	102	66	0	3	104	116	217	1.23e-17	76.3
M15077.1.p1	PPYR_01109-PA.p1	38.298	94	58	0	2	95	115	208	4.50e-16	71.6
